-4, 3.30734, 3.93732; 
-3.96, 3.26116, 3.86512; 
-3.92, 3.21513, 3.79364; 
-3.88, 3.16925, 3.72289; 
-3.84, 3.12351, 3.65286; 
-3.8, 3.07793, 3.58356; 
-3.76, 3.0325, 3.51498; 
-3.72, 2.98722, 3.44713; 
-3.68, 2.94209, 3.38001; 
-3.64, 2.89713, 3.31361; 
-3.6, 2.85232, 3.24794; 
-3.56, 2.80767, 3.18299; 
-3.52, 2.76319, 3.11877; 
-3.48, 2.71887, 3.05527; 
-3.44, 2.67472, 2.9925; 
-3.4, 2.63073, 2.93045; 
-3.36, 2.58691, 2.86914; 
-3.32, 2.54327, 2.80854; 
-3.28, 2.4998, 2.74867; 
-3.24, 2.45651, 2.68953; 
-3.2, 2.41339, 2.63112; 
-3.16, 2.37045, 2.57342; 
-3.12, 2.3277, 2.51646; 
-3.08, 2.28513, 2.46022; 
-3.04, 2.24275, 2.40471; 
-3, 2.20056, 2.34992; 
-2.96, 2.15856, 2.29585; 
-2.92, 2.11675, 2.24252; 
-2.88, 2.07515, 2.18991; 
-2.84, 2.03374, 2.13802; 
-2.8, 1.99253, 2.08686; 
-2.76, 1.95154, 2.03643; 
-2.72, 1.91074, 1.98672; 
-2.68, 1.87016, 1.93774; 
-2.64, 1.8298, 1.88948; 
-2.6, 1.78965, 1.84195; 
-2.56, 1.74973, 1.79514; 
-2.52, 1.71002, 1.74906; 
-2.48, 1.67055, 1.70371; 
-2.44, 1.63131, 1.65908; 
-2.4, 1.5923, 1.61518; 
-2.36, 1.55353, 1.572; 
-2.32, 1.51501, 1.52955; 
-2.28, 1.47673, 1.48782; 
-2.24, 1.4387, 1.44682; 
-2.2, 1.40093, 1.40654; 
-2.16, 1.36341, 1.367; 
-2.12, 1.32616, 1.32817; 
-2.08, 1.28919, 1.29007; 
-2.04, 1.25248, 1.2527; 
-2, 1.21606, 1.21606; 
-1.96, 1.17992, 1.18014; 
-1.92, 1.14407, 1.14494; 
-1.88, 1.10851, 1.11047; 
-1.84, 1.07326, 1.07673; 
-1.8, 1.03832, 1.04371; 
-1.76, 1.00369, 1.01142; 
-1.72, 0.969382, 0.97985; 
-1.68, 0.935403, 0.949009; 
-1.64, 0.901761, 0.918894; 
-1.6, 0.868461, 0.889504; 
-1.56, 0.835514, 0.86084; 
-1.52, 0.802926, 0.832902; 
-1.48, 0.770707, 0.805689; 
-1.44, 0.738865, 0.779202; 
-1.4, 0.707411, 0.753441; 
-1.36, 0.676354, 0.728405; 
-1.32, 0.645706, 0.704095; 
-1.28, 0.615476, 0.680511; 
-1.24, 0.585676, 0.657652; 
-1.2, 0.55632, 0.635519; 
-1.16, 0.52742, 0.614112; 
-1.12, 0.49899, 0.59343; 
-1.08, 0.471043, 0.573475; 
-1.04, 0.443597, 0.554244; 
-1, 0.416667, 0.53574; 
-0.96, 0.39027, 0.517961; 
-0.92, 0.364425, 0.500907; 
-0.88, 0.339151, 0.48458; 
-0.84, 0.314471, 0.468978; 
-0.8, 0.290406, 0.454102; 
-0.76, 0.26698, 0.439951; 
-0.72, 0.244221, 0.426526; 
-0.68, 0.222155, 0.413827; 
-0.64, 0.200814, 0.401853; 
-0.6, 0.18023, 0.390605; 
-0.56, 0.16044, 0.380083; 
-0.52, 0.141483, 0.370287; 
-0.48, 0.123402, 0.361216; 
-0.44, 0.106244, 0.35287; 
-0.4, 0.0900627, 0.345251; 
-0.36, 0.0749161, 0.338357; 
-0.32, 0.0608697, 0.332189; 
-0.28, 0.0479975, 0.326746; 
-0.24, 0.0363835, 0.322029; 
-0.2, 0.0261244, 0.318038; 
-0.16, 0.0173324, 0.314773; 
-0.12, 0.0101405, 0.312233; 
-0.08, 0.00470902, 0.310419; 
-0.04, 0.00123899, 0.30933; 
0, 4.10865e-32, 0.308967; 
0.04, 0.00123899, 0.30933; 
0.08, 0.00470902, 0.310419; 
0.12, 0.0101405, 0.312233; 
0.16, 0.0173324, 0.314773; 
0.2, 0.0261244, 0.318038; 
0.24, 0.0363835, 0.322029; 
0.28, 0.0479975, 0.326746; 
0.32, 0.0608697, 0.332189; 
0.36, 0.0749161, 0.338357; 
0.4, 0.0900627, 0.345251; 
0.44, 0.106244, 0.35287; 
0.48, 0.123402, 0.361216; 
0.52, 0.141483, 0.370287; 
0.56, 0.16044, 0.380083; 
0.6, 0.18023, 0.390605; 
0.64, 0.200814, 0.401853; 
0.68, 0.222155, 0.413827; 
0.72, 0.244221, 0.426526; 
0.76, 0.26698, 0.439951; 
0.8, 0.290406, 0.454102; 
0.84, 0.314471, 0.468978; 
0.88, 0.339151, 0.48458; 
0.92, 0.364425, 0.500907; 
0.96, 0.39027, 0.517961; 
1, 0.416667, 0.53574; 
1.04, 0.443597, 0.554244; 
1.08, 0.471043, 0.573475; 
1.12, 0.49899, 0.59343; 
1.16, 0.52742, 0.614112; 
1.2, 0.55632, 0.635519; 
1.24, 0.585676, 0.657652; 
1.28, 0.615476, 0.680511; 
1.32, 0.645706, 0.704095; 
1.36, 0.676354, 0.728405; 
1.4, 0.707411, 0.753441; 
1.44, 0.738865, 0.779202; 
1.48, 0.770707, 0.805689; 
1.52, 0.802926, 0.832902; 
1.56, 0.835514, 0.86084; 
1.6, 0.868461, 0.889504; 
1.64, 0.901761, 0.918894; 
1.68, 0.935403, 0.949009; 
1.72, 0.969382, 0.97985; 
1.76, 1.00369, 1.01142; 
1.8, 1.03832, 1.04371; 
1.84, 1.07326, 1.07673; 
1.88, 1.10851, 1.11047; 
1.92, 1.14407, 1.14494; 
1.96, 1.17992, 1.18014; 
2, 1.21606, 1.21606; 
2.04, 1.25248, 1.2527; 
2.08, 1.28919, 1.29007; 
2.12, 1.32616, 1.32817; 
2.16, 1.36341, 1.367; 
2.2, 1.40093, 1.40654; 
2.24, 1.4387, 1.44682; 
2.28, 1.47673, 1.48782; 
2.32, 1.51501, 1.52955; 
2.36, 1.55353, 1.572; 
2.4, 1.5923, 1.61518; 
2.44, 1.63131, 1.65908; 
2.48, 1.67055, 1.70371; 
2.52, 1.71002, 1.74906; 
2.56, 1.74973, 1.79514; 
2.6, 1.78965, 1.84195; 
2.64, 1.8298, 1.88948; 
2.68, 1.87016, 1.93774; 
2.72, 1.91074, 1.98672; 
2.76, 1.95154, 2.03643; 
2.8, 1.99253, 2.08686; 
2.84, 2.03374, 2.13802; 
2.88, 2.07515, 2.18991; 
2.92, 2.11675, 2.24252; 
2.96, 2.15856, 2.29585; 
3, 2.20056, 2.34992; 
3.04, 2.24275, 2.40471; 
3.08, 2.28513, 2.46022; 
3.12, 2.3277, 2.51646; 
3.16, 2.37045, 2.57342; 
3.2, 2.41339, 2.63112; 
3.24, 2.45651, 2.68953; 
3.28, 2.4998, 2.74867; 
3.32, 2.54327, 2.80854; 
3.36, 2.58691, 2.86914; 
3.4, 2.63073, 2.93045; 
3.44, 2.67472, 2.9925; 
3.48, 2.71887, 3.05527; 
3.52, 2.76319, 3.11877; 
3.56, 2.80767, 3.18299; 
3.6, 2.85232, 3.24794; 
3.64, 2.89713, 3.31361; 
3.68, 2.94209, 3.38001; 
3.72, 2.98722, 3.44713; 
3.76, 3.0325, 3.51498; 
3.8, 3.07793, 3.58356; 
3.84, 3.12351, 3.65286; 
3.88, 3.16925, 3.72289; 
3.92, 3.21513, 3.79364; 
3.96, 3.26116, 3.86512; 
